0 59:51 101 2 0
1 57:06 101 6 0
2 56:13 205 8 1
3 55:25 101 4 0
4 55:03 101 1 1
5 54:50 101 17 0
6 54:14 205 8 0
7 53:59 101 9 0
8 53:23 101 2 0
9 51:21 101 13 0
10 49:55 101 1 1
11 49:28 101 2 1
12 48:52 101 10 1
13 47:52 101 4 1
14 47:44 101 9 0
15 46:38 101 2 0
16 45:49 101 1 1
17 45:31 101 4 0
18 43:29 205 1 1
19 41:54 205 1 1
20 41:09 101 1 1
21 41:03 205 5 1
22 41:02 101 13 0
23 40:47 101 15 0
24 40:20 101 1 1
25 39:09 101 9 0
26 38:06 101 4 0
27 38:03 101 13 1
28 37:48 205 15 1
29 37:31 205 15 1
30 37:02 101 15 0
31 36:31 205 2 0
32 34:33 101 2 0
33 34:22 101 15 1
34 33:15 101 4 0
35 32:23 205 9 0
36 31:38 101 8 0
37 30:45 101 6 0
38 30:31 101 10 0
39 30:26 101 13 0
40 30:07 101 8 0
41 29:04 205 17 0
42 27:56 205 16 0
43 25:56 205 22 0
44 25:26 205 2 0
45 25:20 205 9 0
46 25:17 101 13 0
47 24:57 101 6 1
48 23:57 101 6 1
49 22:36 205 9 0
50 20:48 205 17 0
51 20:43 205 9 0
52 20:22 101 1 1
53 19:04 205 3 0
54 18:24 101 1 0
55 17:23 205 1 1
56 15:29 101 9 0
57 13:18 101 8 0
58 13:12 101 10 0
59 13:07 205 2 1
60 12:32 205 17 1
61 11:33 101 2 0
62 09:05 101 2 1
63 07:42 101 13 0
64 07:09 101 17 0
65 03:41 205 5 0
66 03:24 101 9 0
67 03:22 101 1 0
68 00:42 101 13 0
69 00:17 101 8 0
70 00:00 0 0 0
-1 00:00 0 0 0